Clade	spp.	Mean	Min	2.5pct	16pct	25pct	median	75pct	84pct	97.5pct	Max																																																																																																					
cellular_organisms_ott93302	2294776	65120713.51	62521531.66	62789986.17	63748268.12	64141723.23	64840391.2	66059782.93	66862435.9	67822459.11	68103777.52	65332083.85	65313800.76	64880024.32	65089585.36	68250035.7	64434196.7	64189110.81	67619128.4	64667331.42	64854271.91	67712383.76	65168583.49	63542609.42	66439513.08	65333923.11	65714340.53	63494077.8	65864746.63	63654750.14	63293043.95	63620575.92	67808263.88	64150403.86	64878334.3	63137684.36	63933876.37	64432662.74	64826510.49	64315239.15	64659748.05	63980858.49	65975566.76	64136591.4	67555622.92	64399935.81	64995892.91	64022869.69	63766081.07	62797238.73	64307869.71	64809596.23	62620425.23	65784276.42	62521531.66	62999317.41	66752358.59	64297243.97	66359495.21	63642047.56	64614555.53	66154358.31	65391305.36	67754951.16	65061370.95	65104810.82	67274085.44	67051660.32	67154992.71	64627771.54	64643797.78	64222450.29	65410857.99	64217188.27	67037914.48	64816529.54	63301585.62	66877073.84	63523612.78	63841322.73	66803884.14	64153983.56	68103777.52	63407120.09	65110522.08	65156175.27	67757259.45	62938264.02	65743298.17	65216764.83	66059782.93	64015578.5	65197475.27	64575604.84	64240853.76	66491749.05	67830102.69	64521102.28	65299165.37	65873335.43	66995542.88	66033458.24	65266484.12	62782733.62	64682641.03	66902474.33	64146855.07	63913481.71	63810508.08	68036336.97	66356887.87	65351006.3
Eukaryota_ott304358	2215635	46073695.84	45416296.63	45457202.15	45729602.49	45844672.92	46094044.65	46278701.5	46360015.05	46571829.37	46739917.25	46264427.25	46113884.82	46161972.53	46457270.29	46697896.35	46209363.61	45703380.43	46375044.61	46478826.66	45993271.72	46522299.21	46342740.2	45732662.36	46244677.64	46359792.37	46031936.27	46158674.99	46042948.37	46091669.12	46185407.07	45743868.9	46096420.19	45756552.73	46430889.71	45595322.22	45828111.15	46299972.64	46585265.03	46269591.13	46087220.69	45754759.01	46133068.34	45437479.44	46363486.94	46354687.85	46703396.57	45462693.55	46000264.09	45958692.75	46103688.62	46311377.66	45607278.04	46234508.14	45704605.72	45694973.06	45786307.84	46260536.04	46416664.09	45713538.18	46151661.13	46488523.86	45880656.65	46080647.39	45939588.21	45864799.88	46739917.25	45693506.25	45451710.75	45870387.15	45861928.48	45832313.48	45835708.01	45996962.82	46278701.5	46231831.8	46076262.32	46041920.21	46259824.35	46079159.61	45569509.4	45850856.52	46387145.5	46249843.1	45838489.31	46233257.08	46008135.2	45607598.84	46497221.78	46266782.6	46125971.66	46243036.21	46546877.43	46387261.32	46154088.56	45585781.93	46054911.42	46113910.13	45416296.63	45903116.35	45855187.35	46314145.02	45580277.66	45479023.82	46088030.64	46104489.99	46360070.72	46057947.32	46197116.01	46392461.16	46171712.5	46283349.7
Metazoa_ott691846	1475156	31186146	30788404.95	30804311.97	30955074.51	31025473.12	31185404.19	31360122.93	31405185.65	31582597.52	31692459.2	31163208.57	31236076.03	31248483.67	31307740.49	31517033.88	31089314.82	31137318.79	31372327.33	31663940.77	31144668.27	31441351.41	31409906.8	30822515.98	31282377.45	31560051.39	31195150.22	31214367.21	30933756.56	31423652.79	31338735.3	30833346.39	31332944.05	30810395.62	31278197.41	31012284.84	31032041.74	31386301.05	31692459.2	31587359.56	31149940.15	31000485.28	31269023.77	30788404.95	31344592.89	31231611.88	31573753.74	30948581.21	31180811.49	31106301.99	31062947.29	31365038.06	30789534.48	31207434.9	30928871.82	31058516.16	30956311.33	31369940.89	31001114.26	30820226.79	31239588.11	31515263.32	31194452.63	31105521.68	30933076.43	31020194.06	31426328.97	31039232.98	30853562.64	31014247.65	31219222.58	31038084.1	30798228.33	31253980.6	31201621.57	31140488.26	30912574.66	31126430.7	31311754.54	31364826.86	31030752.19	31127983.61	31185302.33	31235281.95	30871165.36	31168419.4	31366765.16	31062615.58	31461901.76	31276748.37	31134885.44	31365234.27	31480322.28	31423220.49	31415077.06	31360122.93	31241654.19	31074033.67	31011278	31017443.58	31009705.95	31185506.06	30878149.61	30893697.88	31272693.1	31124533.44	31421347.24	31115268.61	31342724.61	31295203.35	31440146.07	31182131.03
Chordata_ott125642	82904	1183458.825	1177293.47	1179011.87	1181306.002	1182064.76	1183100.905	1185154.269	1186074.817	1188184.268	1188774.496	1182193.82	1179764.627	1188457.187	1183175.566	1182770.875	1179289.915	1186264.908	1184987.716	1184735.215	1179693.16	1182728.572	1183961.127	1186075.647	1181310.07	1178850.762	1179982.27	1184626.068	1181930.319	1181858.01	1185154.269	1183418.019	1188442.66	1182964.244	1184093.743	1177293.47	1183777.833	1182531.844	1182111.015	1181944.182	1181672.938	1182255.321	1184721.727	1182729.445	1185300.568	1186245.74	1187704.397	1185240.958	1185139.778	1181436.538	1180494.447	1184595.249	1186935.142	1184331.135	1182018.504	1183153.623	1188774.496	1181966.104	1181284.644	1186307.216	1182152.639	1182567.286	1185652.571	1184991.867	1185987.19	1186549.769	1186458.597	1182765.575	1180570.346	1181593.963	1186071.498	1181480.777	1182473.038	1183238.203	1182124.583	1184444.212	1183048.186	1182958.303	1185707.451	1186598.185	1177478.639	1179462.875	1183166.617	1187169.142	1183655.899	1180380.094	1182490.377	1188670.753	1182132.064	1181264.386	1180942.574	1183776.341	1182660.678	1186041.208	1185662.68	1187132.271	1182614.193	1184432.896	1180155.151	1182429.816	1187121.237	1186198.704	1182960.315	1183028.7	1179172.978	1182532.802	1184530.068	1184616.446	1182782.308	1184018.807	1184333.768	1182197.26
Actinopteri_ott285821	37410	415576.9054	411684.907	412468.4777	413616.6939	414190.9696	415372.934	416822.1292	417193.2595	419492.2627	420007.1418	415994.2603	415182.1364	418422.118	413351.0782	414457.8611	412831.0454	416761.7191	417002.8353	418707.4622	412981.7807	413927.3809	416115.724	416896.1975	414717.0734	413647.7402	414219.6669	414164.9435	413320.6525	415386.7806	416407.0845	414247.9683	418488.5971	417457.9439	416700.247	412677.7705	416412.4076	415149.9926	412477.7453	413515.5484	415811.4153	415252.8687	416867.4157	414338.087	416539.5048	420007.1418	419815.1551	416378.3171	414832.3268	415013.0627	413603.6449	417965.7709	418892.6055	415001.0259	414833.6737	416083.0206	418868.5042	414435.8308	413347.1984	416438.4089	415359.0873	416451.5209	414248.214	416596.2822	416896.0244	419936.5324	418006.7433	412459.21	413306.6484	414178.395	417751.1986	413099.7353	416961.8806	416335.6652	415830.7995	417130.7604	416556.2239	416719.1731	416844.9522	416941.7399	412047.6603	413755.5515	414101.2188	416139.1995	414526.3324	413945.1099	414549.2549	418164.9157	414558.6293	413142.258	413619.1795	415328.6391	414730.2819	417578.511	417901.0077	417594.5663	414203.5443	416228.3654	414942.551	416630.2434	416771.5419	414448.4031	416822.1292	414044.4662	413270.1556	414550.8284	416544.7213	417208.8842	411684.907	416234.7935	414445.8096	415994.2603
Squamata_ott35888	11221	177094.1575	174885.8554	175180.5177	176111.4475	176511.0649	177056.6062	177762.3355	178160.7361	178832.3775	180025.6151	177548.7409	175190.9809	177487.2395	176977.4838	178205.3241	176563.0664	178686.3362	177014.9329	178065.1033	177287.7532	178848.1196	176016.6765	176120.8243	176188.6487	176548.5582	176769.0031	180025.6151	178434.5977	177473.5779	177547.1995	176611.1027	177825.5053	174885.8554	178668.8231	175169.3225	177549.4351	177270.3654	177503.2339	176532.1717	177227.2223	177851.4051	176872.3514	176247.7752	176820.747	175601.8607	177586.7344	177303.7734	178249.1574	178077.4681	176722.8929	176906.2829	178609.7921	176482.0391	176816.0547	175428.0376	177052.3702	176035.7172	176691.8656	178773.9714	175590.491	176499.432	178088.5435	175824.6924	176665.19	175914.6786	177337.0823	177024.6876	176315.079	175755.8083	178178.7843	177318.7542	177232.8454	176390.7517	178255.0255	176062.2196	175665.8518	176522.6977	179001.275	178299.9838	177211.892	176306.6196	177060.8422	177888.6426	178338.4758	176596.8666	177098.8005	176648.4156	177762.3355	176305.8147	176726.4956	176533.0608	177164.7206	177108.0593	177687.1403	178252.4906	176772.783	178336.5628	176051.8613	176247.9096	178803.1421	177538.5296	177441.3481	178054.4358	177154.8341	175170.0545	176917.6532	175847.2439	177323.4196	177471.9969	176821.7286	177548.7409
Aves_ott81461	10930	90134.47979	89524.21356	89710.45308	89885.55767	89971.8911	90132.61511	90275.44579	90385.67124	90635.19837	90829.94759	90127.1803	90371.50877	90391.31294	90007.12424	89794.63375	89863.17232	89985.14197	90179.70079	90256.92079	89884.2052	90025.06104	90389.26167	90275.44579	90175.27875	90663.26783	90200.25762	90250.50887	90167.61331	89826.15149	89524.21356	89967.89616	89794.47254	89932.19533	90829.94759	90177.98476	90131.93259	89752.90108	90057.80969	89731.15254	90296.36299	89834.81379	90141.99958	89937.87094	90013.17993	90012.59618	89885.81528	90238.13847	90363.39679	90360.1486	90133.58103	90043.1549	90173.63277	89960.91577	90150.20984	90114.11517	89847.68448	90137.56267	90252.32748	90215.9512	89755.99872	90083.75101	90289.72326	89901.3391	90424.95765	90230.17019	90019.1944	90492.63931	90582.19148	90034.99823	90534.66331	89903.72135	89974.09917	90166.32701	90173.79533	90133.29762	90100.92955	90583.06937	90157.70773	90095.59463	90820.57387	90224.0733	90357.1211	90437.2111	89990.81985	89807.05951	89689.75361	90468.27766	90151.86723	90145.15733	90062.75397	90427.10148	89811.29973	90105.9374	90010.0048	90428.54219	89969.68303	90038.68744	90524.03585	90024.52354	90384.14806	90420.54075	89791.0359	90308.04264	90349.67985	90386.05203	89949.00012	89658.24905	90064.76446	90151.12839	90012.27398	90127.1803
Amphibia_ott544595	9835	132517.8027	129194.3743	129915.0367	131494.2604	131873.3909	132575.277	133360.299	133695.9231	134451.7035	134759.3626	131684.5577	131555.8988	133030.2013	134290.6757	132514.5221	131321.9238	133490.5083	132496.7109	130734.5899	132580.2125	132661.4443	133934.119	134427.5629	132989.631	129500.717	131553.2232	132272.6769	132052.4397	130329.3565	134080.6617	133613.7372	132227.0771	132777.5178	130377.1635	132244.6613	131658.3333	132972.7314	133716.4696	133375.4483	130432.2	132001.6977	133102.9213	134169.3731	133500.9643	132570.3416	132503.934	132979.2297	132808.7002	129194.3743	132386.1396	131129.2521	131310.3011	133832.3512	132430.0299	132841.1671	132841.9297	133360.299	132380.5896	132620.1473	131771.9273	132160.6759	133593.8261	133117.3664	134318.1319	132723.3362	132898.5261	134156.7267	132207.9864	134336.6623	131731.8848	132025.77	130853.8395	133435.3083	130776.8702	132716.7739	131873.1847	130979.47	132094.7054	133211.0228	129397.0502	131803.4077	132342.1541	134464.7023	132415.3336	132939.3012	133580.0741	133832.386	131595.6044	132866.7495	132965.3432	134325.325	133399.141	132627.1257	132408.1674	132944.4891	133897.0928	131400.5079	130707.5937	131512.118	132345.2875	134572.2592	131873.5971	132545.6137	130904.4244	132362.3416	133718.61	134759.3626	133013.5378	132278.6514	132971.4565	131684.5577
Mammalia_ott244265	7966	56527.83932	55649.07628	55904.45199	56253.90701	56356.02489	56553.74002	56700.71557	56828.18178	57054.91824	57283.87	56394.45349	56414.69963	56682.3326	56579.12925	56629.37489	56700.71557	56486.20867	56915.78435	56383.1872	55908.06358	56201.12003	56340.40197	56872.62374	56724.59069	56591.27463	56548.29354	56464.95431	56257.24218	56624.16894	56610.0113	56977.66393	56722.52757	56546.54617	56594.75567	55900.84041	56296.5452	56522.95548	56511.24756	55649.07628	56084.54474	56253.14235	56639.69125	56392.0805	56193.85851	56426.00916	56254.05266	56190.0484	56862.38305	56841.46275	56310.20047	56408.09543	57283.87	56568.83637	56480.02658	56466.4841	56623.04197	57006.9083	56855.29514	56677.05583	56710.67998	56468.72439	56457.45488	57034.79553	56176.52769	56751.77078	56432.56217	56602.79228	56634.64644	56631.99386	56614.17036	57036.68799	56775.05788	56617.66722	56436.99008	56470.74482	56602.66306	56069.09889	56849.09755	56849.1697	56350.6033	56733.59931	57064.73453	56293.75767	56155.38833	55772.29198	56849.73601	56963.52643	56565.55067	56559.1865	56264.92584	56613.62353	56201.18315	56694.68329	56127.52942	56569.22381	56566.91698	56729.79241	56409.18152	56247.92184	57188.35585	56687.01398	56361.44648	56672.33155	56278.37016	56468.77812	56532.76863	56195.80256	56749.87295	56451.9361	56502.67347	56397.8931
Chondrichthyes_ott278108	1653	51806.89907	50286.80467	50669.94229	51033.71613	51350.12004	51783.13165	52284.54512	52510.16458	53551.7784	53912.89457	50778.85264	51079.1389	52184.4812	52133.86788	51513.39041	52766.44122	51100.2954	51524.27352	50286.80467	51433.0891	51376.96777	51387.19487	51748.25948	51017.24377	51986.97989	50931.79399	51441.27931	52134.12707	52183.44854	50995.00606	52559.81828	53287.95156	50881.71437	51256.91774	51582.52384	52058.08742	51021.68723	51778.74371	52071.06043	52208.70555	51421.37016	51239.78766	51587.63953	52519.21109	52377.80107	51787.51959	52180.92185	52220.67278	52113.25618	51234.00792	52452.0901	50836.96739	52522.35085	51823.55526	52442.12398	53693.83901	51413.79922	52284.54512	52298.11954	52935.98888	51015.29448	52800.44946	52630.54782	52037.33137	51318.63554	52138.08522	51977.96247	51475.97825	51124.19555	51748.05929	52341.33425	50970.26151	50620.92218	50904.82966	52374.70606	52473.97852	52565.62345	50757.29351	51323.27231	51737.67703	51036.00735	52262.14927	52144.50222	52572.98066	52122.30101	50718.96239	52870.78673	51564.77005	52570.6474	51770.47511	50362.16519	51413.90476	51847.85808	51590.99258	51669.56479	51692.27745	52027.64723	52047.30823	51974.19311	51999.39744	52656.04263	50857.93983	51487.93686	51456.08465	53751.98002	51467.69852	51048.56325	53912.89457	52000.2681	52387.50294	50778.85264
Testudines_ott639666	326	6282.95358	6223.65573	6232.157872	6249.116668	6255.751817	6267.3389	6295.63777	6310.446762	6386.886392	6521.712519	6252.160982	6290.596511	6372.158276	6232.481687	6264.679233	6297.976692	6453.95375	6267.672633	6328.443303	6242.510179	6257.139363	6259.828811	6287.012352	6259.823778	6234.211521	6262.601528	6303.044595	6270.181582	6268.870708	6286.111559	6295.470945	6266.692794	6258.736402	6321.090717	6262.074335	6269.999699	6258.878579	6265.774164	6241.462933	6320.984642	6248.27089	6258.924583	6521.712519	6390.298113	6300.227604	6264.084237	6325.247114	6243.782248	6289.102667	6300.246484	6236.556845	6253.844917	6231.834057	6289.502729	6255.387426	6311.316488	6243.467059	6302.557766	6279.653399	6235.580313	6346.276957	6254.197176	6264.534577	6273.724174	6266.880095	6343.503577	6294.274846	6282.782408	6288.653161	6267.005166	6295.63777	6223.65573	6271.705579	6240.551777	6270.966762	6259.41208	6238.964511	6294.707996	6288.335265	6368.078379	6226.958436	6258.112662	6263.301193	6306.967855	6241.704823	6251.197614	6265.395197	6287.163068	6255.295851	6313.784701	6345.547413	6264.626184	6366.070852	6259.942156	6279.024629	6255.474864	6280.028616	6240.546638	6253.592769	6371.619288	6380.550339	6303.410715	6268.660598	6293.501741	6249.277768	6260.267306	6300.638511	6293.118153	6256.028769	6266.272153	6252.160982
Arthropoda_ott632179	1183221	21172954.3	20589868.71	20900534.93	20989688.61	21038580.61	21187283.7	21293567.72	21333683.54	21435170.94	21446133.29	21249674.63	21185046.59	21159493.54	21139767.83	21408363.62	21245818.24	21243669.11	21164226.86	21277104.04	21241518.79	21192714.49	21368258.68	20939650.95	20950782.78	21166811.71	21274236.67	21301802.77	21243631.69	21251707.8	21146011.3	20933462.87	21391029.53	20955257.12	21163265.74	21194618.83	21133107.85	21420336.76	21307207.38	21312186.15	21032590	21181852.91	21337669.19	20832503.31	21403574.71	21105079.12	21436408.09	21021895.87	21146784.69	21143349.55	21071290.84	21317740.91	20893479.42	21266256.61	21044571.22	21025954.68	21028627.7	21227528.33	21024677.65	20935793.23	21271264.48	21413553.89	21381750.5	21028246.03	21060326.44	20991147.39	21369601.58	21066536.64	20907590.44	21138515.38	21167237.14	20910055.47	20589868.71	21437137	21277561.79	21213655.97	21006774.88	21090290.32	21245905.91	21432873.38	21081875.43	21299036.44	21092541.58	21302930.24	20931736.04	21285286.23	21352248.85	21242933.32	21348120.74	21157401.28	20973541.87	21195296.21	21144309.41	21367936.06	21279759.61	21365277.6	21279241.31	20982030.02	21297354.92	20977080.09	21103514.16	20981772.9	21017719.8	20963736.87	21224763.09	21149323.3	21293567.72	21100495.17	21242711.64	21281829.79	21446133.29	21268593.64
Pancrustacea_ott985906	1068466	16658386.5	16276757.32	16398908.06	16518714.67	16574655.73	16663264.38	16767287.63	16802408.21	16888321.48	16986803.38	16713901.03	16624285.04	16519160.27	16591226.92	16767287.63	16621531.74	16729721.16	16697520.58	16649466.79	16836033.6	16657462.7	16800690.35	16336357.92	16442632	16601928.49	16591438.71	16695315.48	16697608.09	16785402.59	16668706.91	16447576.73	16849808.07	16505317.82	16627004.57	16663233.11	16532713.81	16802837.68	16670534.66	16745539.5	16598775.27	16641845.04	16778649.64	16470798.16	16765843.87	16564511.77	16852538.19	16528457.1	16573097.8	16618228.97	16658822.55	16736003.12	16378242.72	16779208.4	16803735.53	16511875.88	16554728.62	16674284.84	16616503.61	16502707.86	16833322.41	16865829.69	16863395.4	16623172.02	16594712.08	16579033.26	16781868.71	16511387.93	16584375.98	16628814.19	16618454.33	16453518.22	16276757.32	16858496.68	16690551.22	16898705.15	16442375.85	16678357.84	16829689.28	16820215.36	16549364.57	16697823.67	16634725.16	16805418.66	16466198.94	16749544.74	16763415.84	16746553.08	16904818.93	16626827.2	16516375.25	16576213.67	16580363.33	16986803.38	16701370.32	16772553.72	16778878.02	16419573.39	16779868.6	16531787.97	16579807.97	16463774.97	16744133.4	16663295.66	16679013.45	16646908.23	16728683.05	16530334.57	16696667.39	16678865.03	16869037.52	16713901.03
Insecta_ott1062253	984719	14276791.83	13906511.64	13988376.47	14151866.04	14195398.03	14282417.85	14388564.46	14427618.5	14522338.01	14561592.87	14284577.08	14274856.06	14156690.22	14226616.48	14406755.39	14245908.64	14378351.79	14292828.96	14226355.33	14441290.86	14320559.49	14421310.09	13955056.01	14075454.21	14232818.54	14191423.21	14361218.67	14312445.83	14396231.41	14286629.34	14048425.12	14425092.21	14135037.11	14202083.16	14294501.81	14157506.97	14424170.37	14287113.95	14432984.52	14220316.28	14254468.69	14342707.25	14105139.91	14348856.01	14202912.27	14465967.33	14174687.68	14206521.05	14233150.45	14280258.63	14351264.03	13981544.78	14432609.19	14416977.14	14113296.84	14202854.49	14255219.84	14225650.07	14116825.64	14481250.62	14504755.92	14499713.33	14256583.34	14184574.93	14154902.54	14428250.07	14135924.43	14215997.95	14259974.58	14183202.57	14075972.83	13906511.64	14462390.45	14315052.04	14539648.04	14052278.74	14327539.74	14487544.26	14437919.97	14236953.76	14285110.36	14234320.18	14455048	14029358.37	14388564.46	14363060.36	14366995.88	14473822.56	14222650.37	14089641.13	14205634.74	14197478.6	14561592.87	14303373.21	14400000.45	14407513.89	13995208.16	14353944.58	14193620.48	14197175.58	14040269.21	14340244.09	14269444.58	14352072.49	14269421.94	14380120.95	14176159.62	14308409.39	14306873.65	14531805.29	14284577.08
Coleoptera_ott865243	286850	4888427.021	4546000.219	4635205.57	4782973.563	4818447.555	4906907.531	4973908.424	4998872.885	5082333.32	5111108.545	4924280.571	4986419.66	4846313.619	4818323.551	5010798.482	4965942.878	4869578.144	4799554.13	4919854.523	5031785.835	4870051.354	4923743.174	4579183.796	4684607.211	4918872.915	4948682.929	4950821.6	4899043.939	5003230.376	4898761.348	4748370.96	5049984.426	4808440.228	4756642.687	4886210.924	4709901.464	5084458.549	5000813.749	5111108.545	4821466.276	4939567.822	5078386.467	4788695.289	4948708.319	4877474.62	4949950.051	4785747.555	4924738.17	4818571.56	4828958.291	4973908.424	4604106.412	4974010.19	4921795.639	4810940.237	4943701.027	4938085.365	4833325.15	4698098.481	5011591.94	4980461.947	5040878.687	4789557.471	4857010.832	4811143.75	5049686.297	4784217.448	4894815.485	4880292.769	4845011.828	4699132.009	4546000.219	4924733.534	4822374.175	5015304.335	4671442.124	4831101.303	4991109.432	4886173.443	4925766.111	4834151.303	4770170.944	5036244.522	4698802.406	4933275.993	4970949.673	4952715.176	5026690.742	4982632.85	4671704.785	4902301.893	4759253.114	5096940.595	4911513.17	5047679.258	4974677.694	4776443.164	4892145.424	4854267.569	4848226.577	4666304.728	4984289.585	4986095.438	4930703.431	4925810.803	4966506.711	4836874.34	4884112.366	4959947.638	5001594.638	4924280.571
Lepidoptera_ott965954	182576	1293962.099	1232409.494	1236318.479	1269456.441	1285274.527	1298103.152	1310618.814	1315341.255	1331645.227	1342347.367	1236318.479	1254717.148	1255557.464	1319453.472	1302582.603	1285068.591	1291486.098	1333328.795	1300821.026	1328518.6	1326680.16	1321214.516	1265824.048	1342347.367	1285480.462	1290205.568	1250475.815	1312482.556	1295460.436	1274861.944	1302194.916	1289056.837	1336158.939	1323880.45	1287115.417	1326769.293	1300517.614	1269173.055	1294965.203	1307294.167	1274571.5	1277774.837	1303989.529	1311682.805	1268185.746	1305287.248	1290696.266	1312696.431	1288599.737	1324194.658	1319304.365	1325723.663	1309982.223	1303875.921	1284964.167	1244304.507	1303014.26	1232409.494	1283641.618	1301279.547	1302006.42	1308822.206	1321838.479	1315589.103	1298251.568	1274297.691	1297075.865	1246366.237	1285685.004	1322001.676	1267655.729	1233440.645	1303828.831	1328080.29	1297954.736	1289906.866	1295425.519	1255591.096	1310774.619	1296468.355	1310805.947	1271701.792	1299237.196	1260766.771	1298637.334	1307841.223	1289623.85	1292207.017	1302207.158	1305442.786	1314218.118	1291823.191	1313514.284	1300289.916	1277794.017	1308434.709	1258990.961	1297769.26	1310618.814	1289922.758	1260989.274	1269510.419	1291094.253	1319849.058	1289498.967	1289194.523	1308103.147	1290749.02	1291417.346	1314349.863	1236318.479
Diptera_ott661378	166902	2210344.123	2153778.019	2167373.853	2188193.991	2196290.209	2209961.955	2226010.359	2231599.075	2259592.111	2268052.467	2211558.764	2191240.96	2203507.789	2203461.953	2196870.87	2189398.869	2223498.429	2226010.359	2209478.202	2188237.316	2210109.916	2212248.914	2208744.95	2208869.889	2248050.787	2204122.123	2166560.854	2228455.534	2210713.27	2201097.896	2212537.56	2197964.401	2185815.71	2174918.172	2226035.63	2252999.529	2187966.535	2195116.425	2213985.229	2258826.069	2183080.897	2187896.678	2214685.467	2211142.967	2203024.967	2195650.976	2195248.934	2201381.901	2212172.246	2153778.019	2239183.802	2226404.916	2215440.544	2213437.268	2218410.93	2219550.238	2198539.755	2193212.04	2219082.316	2197299.412	2199649.69	2219814.129	2202794.211	2231707.941	2168186.852	2229460.847	2231708.237	2183334.069	2200551.596	2202773.855	2213597.833	2203497.73	2202636.884	2163944.932	2231163.609	2227099.628	2245946.494	2239181.678	2266564.432	2196437.468	2268052.467	2172181.926	2217889.864	2194500.233	2228835.707	2225453.498	2211374.831	2217773.702	2184299.838	2244986.525	2177624.689	2222185.112	2228486.604	2208799.93	2198722.991	2260004.594	2175990.016	2209185.726	2212908.001	2218565.041	2179277.411	2186614.004	2209813.994	2235288.616	2205576.204	2196142.95	2251204.167	2248231.983	2243230.805	2192916.932	2211558.764
Hymenoptera_ott753726	142383	1651289.891	1600852.877	1612513.573	1629844.263	1637238.402	1652146.693	1661013.199	1667732.384	1698169.206	1714449.17	1714449.17	1639246.716	1649939.488	1687366.446	1645057.505	1646563.864	1631303.489	1656927.341	1667436.958	1653934.707	1665181.044	1661013.199	1663892.271	1656759.093	1654020.007	1639504.934	1703952.199	1626195.783	1634217.338	1654555.165	1639412.487	1610718.371	1610586.179	1622106.197	1638272.997	1657087.937	1652382.01	1654933.237	1628015.179	1657632.544	1663586.1	1639799.438	1634166.177	1643416.792	1641680.136	1676594.523	1623428.894	1629874.446	1636203.807	1653058.737	1650639.494	1629685.8	1671558.665	1654621.516	1600852.877	1628571.026	1628219.812	1673565.933	1654661.101	1692779.595	1665503.197	1645341.306	1614308.776	1701014.302	1652172.332	1627276.545	1640213.116	1638707.067	1684922.415	1669103.387	1624836.952	1656654.609	1651836.907	1661600.033	1654461.695	1669395.498	1671926.058	1646798.763	1635632.351	1627737.886	1644300.183	1642144.025	1667151.092	1667806.241	1647922.34	1628500.258	1653520.577	1648771.518	1644420.016	1657826.833	1639084.352	1655165.879	1652566.826	1644570.417	1654259.083	1683106.619	1653097.482	1692885.456	1652121.053	1623707.664	1631449.601	1675912.14	1648277.178	1649954.086	1635718.465	1670563.298	1635823.25	1656149.266	1666809.218	1653173.467	1714449.17
Hemiptera_ott603650	103698	2107524.66	1973312.718	2023376.286	2056383.125	2069285.823	2106414.856	2144583.952	2164087.108	2210550.294	2236141.071	2106761.243	2086821.254	2110743.18	2134786.299	2115402.825	2047678.265	2210528.421	2113029.765	2067475.836	2094544.186	2060211.393	2144583.952	2101264.928	2014508.97	2061773.947	2029687.434	2190188.523	2086801.522	2110068.472	2105896.91	2066305.756	2148553.696	2118991.833	2165314.147	2172779.375	2098148.236	2151739.292	2033510.494	2045647.309	2070547.835	2080524.846	2066402.047	2040431.152	2117264.398	2072986.287	2164479.007	2115484.902	2028217.05	2120834.395	2166119.395	2068023.81	2086312.013	2128125.198	2217773.217	2064548.529	2092636.332	2104673.961	2131254.149	2156688.032	2083692.067	2199137.801	2109703.378	2194469.166	1973312.718	2136357.334	2111579.236	2032767.97	2087556.804	2030964.975	2018535.522	2195898.657	2133146.54	2169171.673	2187579.396	2161508.358	2082280.184	2145762	2162519.512	2150368.906	2037893.523	2143766.216	2236141.071	2056415.4	2083842.34	2120096.985	2094078.021	2106068.469	2128177.829	2037493.589	2081248.698	2073579.069	2175483.545	2126060.694	2122918.088	2146263.341	2100179.827	2036262.317	2126630.627	2036885.303	2073609.256	2177373.068	2136910.624	2056213.676	2098057.953	2058245.763	2143948.563	2075340.021	2120907.127	2079190.117	2210562.071	2106761.243
Orthoptera_ott1095594	28408	431921.9953	362341.8439	369855.2399	391483.8269	407308.005	437332.8633	459544.5948	468165.3239	496484.1062	499868.8797	390285.8847	396723.5828	418730.5224	405383.9512	416131.6766	406733.6219	447166.6056	457406.4055	409160.6982	455169.6703	478611.7968	466280.1307	431894.6192	452826.0697	382317.6426	416326.1526	403134.3732	472027.9286	442870.4703	462003.6959	373230.9002	419696.2574	391712.0064	466271.7592	439095.4466	411315.8971	362341.8439	409809.7098	445707.0339	389084.2687	433151.3439	386138.4596	425000.9829	407882.3881	449873.8241	453561.2587	459544.5948	394441.4549	468391.1959	469451.1907	443657.4665	389778.5559	447971.2089	422520.5785	463560.5029	362990.9695	369324.9051	479061.2174	392364.6043	494013.6658	484357.3284	454202.6601	438981.9384	439783.3639	402763.5819	453323.6599	497814.3433	465896.1788	479274.2948	465017.9551	392715.2452	424819.3121	492929.5348	426889.9424	474926.1816	445257.3193	446868.8883	499868.8797	497998.1993	438659.2338	419915.9649	462524.9648	459131.8644	425803.8586	453704.0804	472746.3189	437428.3961	476032.318	370385.5746	431285.8503	419476.597	397080.5493	467468.2643	425447.2337	378544.2097	389014.2223	410614.17	424916.8353	421302.2766	458568.0881	430367.4092	387938.9862	385280.2385	439759.9267	468339.5888	437237.3305	374711.6486	428631.881	381052.1855	444645.7725	390285.8847
Trichoptera_ott457402	13993	278366.111	269692.3658	271130.461	274308.1245	274957.719	278449.1981	281412.6746	282355.9826	285961.0522	291152.5167	281007.7717	281573.5949	278403.3179	276307.11	279017.0769	280028.6329	282231.0921	279192.2969	282333.6018	272443.8367	278151.6685	282334.647	271533.372	291152.5167	273535.0183	279536.2099	287203.1497	281387.817	283639.0166	274944.9988	276038.9454	277571.6714	278471.4347	277919.8583	275539.8513	286038.2664	275098.4657	278488.5075	274545.7046	274485.288	278903.7231	273918.1299	283795.8575	282125.1485	274852.6509	280094.0654	282361.3166	275917.5908	272746.6886	281666.3644	275269.8867	279468.6343	279631.0447	275533.6763	273303.9386	273822.7879	281863.851	275036.237	282065.6805	283003.4276	278847.9811	279667.9256	273749.0089	278426.9616	277101.5782	281412.6746	277088.4514	285412.1955	274485.5912	272107.6411	275563.7837	282460.5701	278508.3776	282798.3128	274889.9874	283505.3742	278324.7854	277913.571	278255.8782	276466.3098	274970.4391	273993.5584	279230.4959	277318.5077	281244.7471	278735.6022	272835.5263	279068.7111	282479.4916	274767.5251	274782.6183	280543.8753	269692.3658	270681.1853	284243.5369	280292.8815	281080.7864	285817.6543	282603.7313	277348.0134	281268.3199	275850.7017	274368.0419	272466.6148	283998.8949	277793.9983	281574.4177	271669.4642	270727.5499	279997.7829	281007.7717
Odonata_ott133665	6315	121511.9481	117924.1677	118439.0404	119696.9755	120388.8061	121320.8877	122488.6262	123476.4034	125274.0902	126695.6665	121368.9977	121503.8233	120209.251	121118.941	122434.8622	119301.6283	120846.1467	120568.0661	120897.395	119968.8328	125272.8332	120318.4277	118562.8763	119507.9586	118109.5231	120737.8823	122455.4815	121848.7072	119640.0009	120702.8571	122998.6797	123441.6929	119138.0565	121272.7777	119384.5204	121163.6784	121132.7392	121198.0962	123520.6356	122066.4986	120999.3563	121505.106	119194.3664	121097.5938	123107.0997	120810.1657	121410.5534	123528.3842	121919.5174	126695.6665	120597.8795	121030.5998	124843.634	123358.3363	120116.7255	121248.9717	119866.2256	121763.7554	119937.5059	120459.1845	121637.226	124338.3932	122632.7195	121196.9224	122314.2403	119501.6978	120538.9089	121828.1605	120737.5015	120739.3475	119139.0186	124317.7561	123736.1222	119554.3006	125362.3927	118315.2045	122759.091	121585.1927	122109.7529	122193.854	123256.5169	123517.9305	119273.4979	123198.0853	125274.767	118831.6737	117924.1677	120199.8907	121391.664	122371.269	121809.8937	121124.5336	120253.1073	121514.4215	121133.9153	122194.9329	124073.7264	124259.7043	121414.3213	119707.8278	121824.2392	123581.7314	120955.2546	122488.6262	122048.7769	121661.6337	118852.2982	124071.954	120922.0212	123485.0811	121368.9977
Malacostraca_ott212701	48796	895824.383	825554.7315	842288.2361	865885.089	878229.1586	894236.3511	915602.1806	926421.7699	942574.172	953934.8289	942559.2158	858238.4846	873284.1681	881473.9027	865265.9649	879624.3352	862308.251	919253.8489	935245.5584	903025.9665	855657.0383	890157.4251	889117.476	872778.2995	887263.6112	906502.9371	845907.9253	909970.1856	911786.0523	891185.2079	912940.4004	936013.1153	882728.6234	940710.923	874214.6224	896272.7784	894210.7026	907084.895	825554.7315	896075.5485	889611.6286	946727.7474	879516.78	928108.2907	877764.3613	899527.2863	880948.9668	879213.5144	907092.2384	888471.2807	895665.9802	905260.6886	863497.8095	894261.9997	914321.4482	865045.2487	933302.8831	907493.6854	903413.7765	874898.4845	876978.2666	876112.4119	880793.4042	917038.0956	937583.4835	875848.9207	889801.5942	883400.4541	883765.7281	938791.0764	893556.9997	881150.0996	917097.8339	883226.4748	863675.0047	905155.673	864103.6656	877869.2116	901906.9584	830894.5883	916812.6209	916967.0278	866003.0174	953934.8289	880578.0416	915602.1806	894655.2451	940541.2156	910099.9975	939253.5055	878589.1056	905016.2435	942582.2254	917346.6358	881765.0572	895176.479	935975.4342	935953.5586	864840.1421	893661.8738	941730.4746	919675.6867	917013.9629	838668.5468	894969.9614	857761.1471	864205.962	907415.8685	887825.8063	861775.3736	942559.2158
Copepoda_ott461528	15764	785913.9917	785906.4659	785906.4659	785906.4659	785906.4659	785906.4659	785906.4659	785906.4659	785951.1783	785995.8904	785906.4659	785906.4659	785906.4659	785906.4659	785951.1783	785906.4659	785951.1783	785906.4659	785906.4659	785906.4659	785906.4659	785951.1783	785906.4659	785906.4659	785906.4659	785951.1783	785906.4659	785906.4659	785906.4659	785995.8904	785906.4659	785906.4659	785906.4659	785906.4659	785906.4659	785951.1783	785906.4659	785906.4659	785951.1783	785906.4659	785951.1783	785906.4659	785906.4659	785906.4659	785906.4659	785906.4659	785995.8904	785906.4659	785906.4659	785906.4659	785906.4659	785906.4659	785906.4659	785906.4659	785906.4659	785906.4659	785906.4659	785906.4659	785906.4659	785906.4659	785906.4659	785906.4659	785906.4659	785906.4659	785951.1783	785951.1783	785906.4659	785906.4659	785906.4659	785951.1783	785906.4659	785906.4659	785906.4659	785906.4659	785906.4659	785906.4659	785906.4659	785906.4659	785906.4659	785906.4659	785906.4659	785906.4659	785951.1783	785906.4659	785906.4659	785906.4659	785906.4659	785906.4659	785906.4659	785906.4659	785906.4659	785906.4659	785906.4659	785906.4659	785951.1783	785906.4659	785906.4659	785906.4659	785906.4659	785906.4659	785906.4659	785906.4659	785906.4659	785906.4659	785951.1783	785906.4659	785906.4659	785906.4659	785906.4659	785906.4659	785906.4659
Branchiopoda_ott632175	2468	79050.20072	68787.66479	72391.25701	75325.37886	76568.90787	79100.70165	81340.48854	82337.58074	85132.17877	85499.01795	76048.02379	79345.50136	81717.03957	81724.80827	80614.96313	87201.35839	80941.76663	80841.86863	78461.71915	79633.74588	73662.48734	79648.95997	85264.75333	76919.53435	78403.24676	84217.67281	82303.96378	79073.63471	68787.66479	78891.69267	75493.32692	82693.65373	85458.15634	81061.63268	83729.87377	75326.99731	75316.882	75758.26955	80178.91296	80491.53187	84245.47834	78927.98639	77457.38387	77255.02302	78839.57364	77631.8993	72756.29263	84019.6007	76573.18321	80474.47224	79127.76859	84522.9047	79345.27739	78757.73743	80606.66474	78219.36176	83905.96361	74841.98801	72573.12793	76019.521	74625.50054	78775.41154	81256.82414	81198.72768	84090.32331	73473.89679	74893.48344	82345.98498	81340.48854	81662.95968	80829.26406	77177.3124	74732.3136	81458.29307	80049.19968	81757.97201	78783.28448	72967.12947	72308.38557	80149.70978	84885.96887	79835.43607	80467.27054	81731.92039	77096.82352	72365.98151	80146.95242	78563.51736	85499.01795	84632.37224	80549.97308	75630.31536	75257.38704	72416.5325	78174.76524	77208.66556	78482.67744	82770.28158	75402.29294	76564.63253	75581.55685	82043.12373	78767.68831	82095.86814	78439.7753	81768.90416	81285.14278	73613.89341	80700.79814	76851.39813	76048.02379
Chelicerata_ott1041457	96446	3566215.261	3290326.01	3364083.924	3487288.329	3524162.272	3584543.412	3619543.646	3631560.858	3681849.836	3695827.987	3575329.866	3601652.913	3651674.914	3588453.897	3656891.882	3620764.79	3563445.463	3536517.23	3642021.482	3459259.864	3546618.699	3596352.407	3695827.987	3607888.488	3610697.175	3692171.18	3664975.356	3602381.614	3477950.765	3509070.312	3579767.45	3585972.841	3514015.313	3592066.176	3585116.349	3655322.8	3672821.604	3653472.011	3619431.952	3509674.514	3580530.332	3604026.96	3417338.08	3686711.192	3614983.615	3648457.916	3564971.068	3619594.183	3588806.284	3459016.407	3670586.132	3560050.566	3547054.984	3290326.01	3541491.927	3491828.325	3610385.125	3433331.236	3487671.484	3469678.132	3628346.524	3571205.214	3520205.511	3581992.374	3485276.764	3619543.646	3577897.892	3398584.705	3584222.093	3584864.731	3528119.032	3367905.215	3639186.84	3633278.505	3360262.634	3613108.237	3479710.855	3420461.761	3659401.206	3561452.409	3626846.434	3516316.148	3548705.776	3606187.213	3597088.339	3632364.441	3553752.788	3517092.516	3573755.426	3507001.922	3643110.83	3615761.586	3456307.236	3622950.047	3615933.584	3549349.241	3641803.505	3584153.064	3538415.456	3558400.538	3576214.965	3393186.731	3325762.746	3622608.604	3585911.029	3604989.863	3596526.619	3609767.464	3626968.264	3576782.938	3594252.597
Myriapoda_ott177526	18309	948282.0707	859284.9831	884179.5524	925309.6107	934307.7152	948429.8542	965239.9661	974046.7271	989863.2997	1000247.143	960378.8278	959043.7383	988594.0786	960021.32	984119.8368	1003456.812	950436.8025	930123.3602	985551.4927	946161.0569	988567.4063	971150.2335	907400.1463	900197.3877	954120.3565	990561.0885	941446.2472	943577.0893	988289.5511	968168.3872	906053.7857	955183.719	935859.0793	944129.3096	946204.4702	945005.5542	944611.7835	983136.4287	947149.0065	924075.9357	959412.6336	954926.9047	944301.3786	950953.9609	925518.8352	935347.078	928402.0065	954027.8096	936248.602	953386.1955	911086.751	955121.2374	939928.3149	950444.7761	972521.1801	982005.0612	942792.6819	974777.8989	945348.985	968198.244	919311.9833	947084.1988	884802.8029	883556.302	926772.4592	968124.314	977186.5424	924564.0674	925414.194	963852.3832	928353.317	945140.4888	939388.5729	953666.3735	954623.2893	951226.5136	932155.9298	995689.9581	953191.913	970992.7641	974300.6417	941435.3699	948740.119	859284.9831	938588.2508	956402.8783	942562.5574	926143.6039	956752.9634	950100.4236	975906.8091	948119.5893	924760.5478	955374.348	976726.0247	950948.3607	920588.2179	933268.3525	906812.3838	965239.9661	941718.6888	880333.9797	974613.5611	923075.3482	916439.1403	959829.1145	973031.0689	936211.8783	975930.8073	1000247.143	960378.8278
Mollusca_ott802117	88048	2808966.842	2475243.137	2570047.082	2670107.285	2706998.377	2802563.23	2906315.779	2946392.642	3125630.022	3227724.43	2718822.418	2762703.934	2820607.41	2953846.811	2821908.29	2625338.311	2670876.783	3136599.083	3143774.157	2698435.121	3030879.093	2906178.026	2708848.526	2988631.011	3227724.43	2719002.431	2629687.293	2560922.956	2965689.741	2898686.496	2686017.433	2683047.71	2664330.298	2908086.506	2645752.772	2705148.227	2819673.508	3105258.907	3026070.621	2910908.537	2649309.698	2661715.217	2680342.26	2885150.429	2835891.617	2906783.587	2798580.383	2767820.356	2757398.778	2775254.507	2838623.27	2702413.18	2719898.122	2649433.583	2868692.389	2737364.784	2912342.066	2840503.545	2651595.068	2734770.024	2892178.592	2516773.111	2906315.779	2721022.214	2752579.457	2864639.417	2648297.931	2705126.154	2726265.259	2746502.94	2999527.271	3025042.389	2666067.418	2863731.338	2712610.658	2716429.638	2906762.647	2873026.878	2808636.152	2687054.171	2637401.592	2994822.68	2847604.488	2775110.743	2766670.752	2909733.297	2579171.207	2961873.061	2939215.87	2948186.834	2988970.506	3076247.061	2858955.512	2826097.4	2773058.678	2827487.112	2854850.265	2475243.137	2784853.901	2751655.672	2952595.607	2632507.488	2883144.844	2827876.283	2806546.077	2917859.015	2824994.927	2769722.288	2743671.182	2794772.053	2718822.418
Platyhelminthes_ott555379	25209	1079362.653	919996.1754	967643.0706	1035090.439	1053942.562	1081363.733	1115203.489	1127050.651	1155122.497	1170947.359	1079912.925	1182489.696	1096811.264	1074876.375	1141397.113	1054938.987	1082733.818	919996.1754	1109371.195	1042330.622	1094595.004	1077194.234	1064424.747	1170947.359	1038880.983	1065068.839	1145615.485	1060652.317	1103535.861	1121586.126	1071694.649	1083249.995	1130250.525	1047207.768	1091218.771	1088390.324	1009798.258	1106478.82	1104004.972	1092081.691	1068257.868	1142818.14	1106841.409	976984.5074	1082587.129	1074616.653	1011875.04	1149994.144	1086598.179	1129933.293	1073760.846	1043105.476	1030057.476	1090115.653	1099827.406	1059330.279	1088150.453	1018452.789	1107445.193	1126159.77	1106219.92	1138373.236	1062478.193	1035475.9	1124518.637	1059631.61	1137555.224	1147881.996	1064398.332	1157883.917	1058967.764	1087712.466	1052946.137	979149.8306	1068614.891	1120172.884	1052823.644	1116392.16	1050417.771	1145799.287	1072989.999	976416.9102	958869.2309	1057316.74	1080140.337	1031286.53	1125512.069	1025150.564	1014227.701	1127273.371	1085545.334	1086446.442	1090090.53	1131104.047	1115203.489	1048723.56	1125730.524	1072795.991	1142484.865	1033066.769	1099747.779	1063994.073	951829.1492	1074147.612	1007366.317	1087052.142	1012927.032	1164829.981	1131717.164	1055668.328	1079912.925
Annelida_ott941620	22985	1110466.062	1044452.373	1060691.844	1083707.048	1092704.711	1119466.366	1128009.33	1133426.774	1143163.484	1145065.804	1105394.576	1105073.691	1134541.61	1128490.067	1119962.176	1135169.099	1135915.97	1136439.787	1127349.826	1119846.302	1129149.654	1062766.859	1111217.585	1140647.631	1099298.385	1121615.512	1118830.747	1049668.584	1104360.468	1125142.62	1128009.33	1095618.976	1067079.858	1130042.944	1121025.925	1114428.497	1100585.694	1143847.782	1088137.563	1100527.249	1127988.214	1112102.604	1135658.679	1062032.807	1144314.291	1123566.5	1113902.707	1124807.855	1124309.827	1069923.304	1123573.636	1123870.249	1133681.336	1132193.955	1044452.373	1132408.523	1113813.182	1102826.832	1119086.43	1087742.714	1101117.478	1108547.639	1088218.686	1090845.466	1145065.804	1121100.369	1139308.83	1074428.425	1067191.731	1120699.192	1090463.138	1094563.956	1115644.958	1113723.999	1118055.118	1084224.385	1072952.762	1101304.302	1078006.816	1130097.274	1122900.698	1136645.469	1120960.641	1122908.607	1059350.88	1078678.296	1088732.79	1124491.724	1138413.415	1070198.29	1075681.206	1139253.822	1098022.914	1134203.462	1128498.53	1080991.027	1073105.565	1122113.631	1105403.361	1127887.422	1130801.882	1101358.268	1086036.767	1126284.999	1141892.645	1090021.72	1120218.513	1141312.477	1127272.082	1130035.306	1105394.576
Nematoda_ott395057	19802	921776.6537	897738.7334	899699.4835	909241.0538	911575.6771	920123.8521	931707.9641	934988.5388	946935.1984	960944.9436	931269.5245	907790.6096	914158.4607	927003.6141	921266.9633	928590.3263	931207.3004	927370.0789	919333.4775	926553.6459	932634.0267	932588.329	911552.9022	911872.2884	942551.085	911126.1741	910127.5662	930593.0092	905496.3458	939429.6016	915815.9806	960944.9436	912059.7386	922599.4204	924716.0613	922697.6852	917167.7403	911598.452	935461.7199	925109.9085	910165.3751	934259.1131	942716.1072	908467.7402	927059.2856	928627.4701	898999.7041	922342.5039	908503.9441	932643.4298	931707.9641	919693.1616	922024.1588	916173.8617	935170.8952	899267.8492	941627.1896	933992.3958	941127.5907	913994.5783	911619.6238	943321.2867	926877.6988	902146.3836	914589.6543	904352.3916	923717.7624	910225.6055	956991.9764	930763.6844	901630.5329	913944.7499	933433.8075	916384.2801	922451.7602	900131.1177	909279.999	920013.335	905883.7371	925371.0328	897738.7334	911336.9557	918778.6879	921870.1862	911501.3141	917664.0422	909036.5919	906818.0303	916211.1901	912423.0678	933196.8578	936373.7789	909440.2714	911042.1662	917150.7046	917013.8316	945158.1131	947892.0906	916027.9065	908941.0972	920201.7233	940977.9408	920045.9809	916524.805	915830.4996	923693.2551	935803.3904	942190.7738	902411.5588	932495.2377	931269.5245
Cnidaria_ott641033	15435	894205.1798	860209.1475	870898.394	881874.0402	886567.8824	895416.3073	903072.1488	905499.7715	915115.9732	917670.6252	904595.4761	879172.6458	904189.2895	896947.8239	889409.4956	904206.3607	888693.8973	888128.0609	895139.5959	915099.5785	885912.9725	860209.1475	885902.6822	897930.6416	889150.4213	907668.3125	917670.6252	896709.3549	890330.4593	891331.9543	906595.1716	912007.1068	893532.7735	904618.9534	868478.7191	880573.9907	902130.1862	892737.9746	914243.4111	890726.0825	872760.7758	883756.2977	888653.8209	898937.7448	903072.1488	890947.8826	892885.6083	882065.6167	895923.5151	895693.0186	881508.4093	893290.3729	915124.801	910000.4972	905106.9572	905373.7472	881191.1872	898429.8214	869764.3543	894239.1224	905086.7646	896655.3022	898823.418	904875.6683	894986.8969	906051.7253	905531.2776	897268.7632	875038.1026	892730.145	877371.652	896970.318	875811.0739	885806.7574	905775.335	898556.6958	898442.2822	877729.0872	899466.3771	877327.1152	881943.6842	875848.9435	902205.5181	889855.8312	882340.4252	895853.9743	891456.8649	901707.9528	909488.6099	914715.5346	886171.5751	906430.6044	896249.9635	909502.0371	872032.4337	897318.4894	894485.8542	878884.9015	883194.1106	892988.36	915686.3189	901112.7671	886988.9184	904894.3541	901317.8346	885837.5228	887931.0868	886964.1897	896794.7464	896850.6522	904595.4761
Porifera_ott67819	10134	568297.6386	548485.8235	552525.8495	558980.0724	560841.2938	567789.8786	575081.8475	577166.5892	590685.4698	597968.1155	552795.0357	563494.2752	575306.3246	567742.3308	581111.5908	564755.9647	556254.4922	572998.7311	561792.4511	569496.1927	554898.9013	572778.3184	563366.1359	583800.6074	566052.013	566290.8584	559425.412	563276.9239	566546.1777	569751.9135	566122.5039	570809.9629	561170.466	575081.8475	552256.6633	562157.2407	591483.6165	571608.6791	576643.7949	566488.9521	559717.5257	573158.7574	557717.269	566830.4747	597968.1155	589203.1974	577183.0375	562412.5894	559590.9379	558158.6342	559611.8534	570344.7732	583524.9774	563187.8863	548485.8235	565987.4669	579419.391	567638.1681	566914.9895	581264.8974	558008.4648	559902.4667	555714.6253	571343.1991	568695.9281	575568.5234	576572.3482	574473.0193	569322.0616	577957.8735	563807.9178	577100.796	559115.2901	553265.5336	556844.7336	550217.5394	564258.5145	569103.874	554994.3407	558270.1797	591883.3872	573903.2817	570155.6805	554069.0821	571489.8521	561303.4051	573735.9897	576151.2237	575275.3768	571675.1543	568270.0192	565576.272	571202.9194	580838.4325	560512.1215	567837.4265	564523.2224	578624.3996	565864.5659	560054.4863	560250.566	580542.051	572605.9362	577503.2715	574240.3022	576272.9314	586285.2878	556448.3371	577749.8334	571805.2753	552795.0357
Echinodermata_ott451020	8715	404116.5673	397778.3464	398989.0681	400522.1491	401306.7809	402803.5521	405014.9054	407015.6234	417048.8004	423993.6025	398945.8874	410292.217	404012.379	404324.041	401471.3678	405014.9054	400524.4737	404606.53	399032.2488	402035.5454	400139.6903	402375.8267	399152.9303	408081.7469	400139.6976	403984.6192	404495.2134	402603.9958	402777.8248	408686.8314	401142.194	413705.4462	399246.8387	418800.6684	400782.9106	401677.9766	402342.9222	401999.7903	403849.0995	405300.5675	402526.561	401133.2182	402577.1656	414968.7693	407046.2193	412704.1013	404492.327	399720.8246	402594.0992	404907.2545	402235.3693	402703.0591	403099.9832	406556.4815	402061.1547	401846.7041	411131.6753	397778.3464	402324.527	402322.4813	402976.9115	408128.1192	405092.5003	403757.4012	401031.8337	400551.5485	409450.5126	423993.6025	403902.0408	404422.3647	401549.9881	401092.9384	404005.0859	399182.4374	401707.926	400509.9449	405153.7821	399613.6623	406307.4144	400019.9415	400198.3613	403545.8825	418168.8172	403365.4049	402917.8394	401001.8471	409611.972	414925.3096	400504.1353	400861.1928	404683.6325	405656.0231	404973.4255	402690.8822	402133.0505	399081.0125	400174.7268	404765.1986	406893.2399	403672.2377	402820.448	404785.3491	403739.0146	404452.9309	409741.2196	406055.2742	408795.1045	402786.6562	402384.6194	402715.9425	398945.8874
Bryozoa_ott442934	7299	194638.5685	188227.1617	189034.5326	191559.5327	192548.5767	194664.0392	196292.0597	197379.6798	199566.8199	200109.6321	194866.7705	200437.0008	194094.5138	197642.979	203667.4804	195463.6695	196425.1793	191043.33	197759.5321	196270.8454	192560.9907	194969.539	192814.544	194667.0033	195650.9134	189345.0196	196567.7708	193515.5198	194753.5907	190945.7685	193702.1708	199071.1952	195086.537	188724.0457	193530.1718	193281.4567	190574.2121	194617.0182	192324.6392	199025.8564	192177.9623	189751.9465	197971.3924	194606.5453	200109.6321	194939.5724	194887.9248	192781.5854	194864.0825	199082.6857	196236.6058	195192.7576	193658.0058	196070.7588	197277.479	199598.5737	188227.1617	192847.6997	193702.1296	193669.2982	192536.1628	199726.4279	196292.8207	195572.7285	196196.5137	197304.6995	193431.4177	195213.5338	193587.2448	189898.2301	192097.8328	192535.4843	191372.9229	191201.7728	196292.0597	196258.9613	191815.2902	188524.2031	191736.5797	197843.7963	196356.1719	194661.075	189360.2125	195823.8769	193088.5116	194260.0398	191232.4619	190539.0772	197398.4249	195615.4848	198492.093	193432.5227	191570.0351	198693.8373	194466.6104	191504.395	196967.4992	197436.9012	195377.7545	194362.0872	193736.5556	199507.8485	195399.6623	194133.9718	193870.9357	198647.319	191707.2361	191435.1175	198374.0247	195685.1562	194866.7705
Tardigrada_ott111438	1473	77517.24123	72566.23186	72586.47104	75158.17279	75907.09103	78882.67773	78882.67773	78882.67773	79052.05593	82098.07652	79131.69535	78882.67773	78882.67773	72566.23186	78904.15414	75158.17279	75158.17279	75182.69408	78882.67773	78882.67773	77462.19845	78904.15414	78882.67773	78882.67773	78882.67773	76539.75442	78882.67773	76290.7368	75182.69408	78882.67773	75158.17279	78882.67773	78882.67773	75523.44527	72566.23186	75158.17279	78882.67773	78882.67773	78882.67773	72835.90006	78376.61646	78882.67773	74280.79372	72835.90006	75182.69408	76290.7368	76290.7368	72835.90006	78882.67773	75158.17279	78882.67773	78904.15414	78904.15414	75432.1231	72586.47104	75158.17279	78904.15414	78904.15414	78794.2317	78882.67773	78882.67773	78882.67773	78904.15414	82098.07652	76539.75442	78882.67773	78904.15414	78904.15414	76539.75442	75158.17279	79131.69535	75182.69408	75158.17279	78882.67773	75182.69408	78882.67773	78882.67773	78904.15414	78882.67773	78882.67773	78882.67773	78882.67773	76290.7368	78882.67773	78882.67773	78882.67773	78882.67773	72586.47104	78882.67773	75158.17279	78904.15414	78882.67773	76539.75442	78882.67773	78882.67773	76539.75442	78882.67773	78882.67773	78882.67773	76290.7368	78882.67773	78882.67773	78882.67773	76307.93109	78882.67773	78882.67773	78882.67773	78904.15414	78882.67773	72815.24947	79131.69535
Chloroplastida_ott361838	426729	3521678.835	3395092.479	3445846.549	3480570.774	3503559.311	3527784.889	3545273.067	3557603.447	3587117.206	3602017.033	3504406.002	3511847.352	3475130.482	3541599.698	3511066.93	3489060.336	3518740.178	3466167.32	3566154.441	3526936.296	3574903.579	3558315.213	3520876.844	3566026.441	3538650.444	3548340.816	3533766.64	3536557.434	3504243.804	3504000.292	3518073.015	3540056.735	3518926.231	3543485.26	3514919.129	3458581.639	3520253.406	3527367.796	3522241.555	3598621.012	3501157.515	3521531.451	3544066.944	3572303.567	3554756.38	3522674.699	3468508.66	3546496.812	3565344.9	3529445.316	3442879.233	3541867.521	3530764.325	3526872.687	3536975.962	3590095.813	3565212.31	3539871.706	3602017.033	3552317.67	3503118.329	3494731.464	3470993.278	3511379.087	3547236.116	3574005.196	3529465.808	3476205.599	3506579.321	3502529.856	3534495.961	3536863.898	3545273.067	3472339.184	3538825.606	3552051.177	3486972.15	3518155.35	3462760.594	3529345.136	3468523.541	3517134.988	3552360.765	3567941.262	3529289.456	3395092.479	3481402.235	3531663.595	3534752.786	3536685.862	3553195.048	3572716.601	3437760.562	3511482.157	3509316.777	3449322.539	3564561.903	3499193.67	3461775.107	3581585.508	3532621.343	3528201.983	3515955.846	3470898.759	3448813.864	3519419.769	3520596.752	3482655.54	3564327.851	3538104.746	3504406.002
Tracheophyta_ott10210	390242	2207767.037	2173490.449	2181451.097	2194445.535	2197685.185	2209715.456	2218408.547	2223136.703	2230064.658	2231808.07	2203610.871	2175287.346	2195691.796	2232970.797	2204775.256	2202517.787	2226729.628	2190889.935	2224319.711	2212340.827	2205041.359	2211328.791	2212896.272	2231808.07	2212647.643	2212568.511	2198426.152	2221862.351	2224630.878	2197458.536	2206462.674	2212210.09	2195992.757	2220681.707	2187145.424	2184370.394	2219485.187	2221539.995	2196567.669	2201531.769	2209165.956	2207898.279	2194655.787	2200601.436	2223183.161	2187190.721	2199838.374	2200545.288	2208913.872	2210588.018	2191473.934	2205921.763	2182127.646	2223348.86	2226240.004	2230987.476	2217260.77	2228350.852	2227222.818	2210817.462	2190235.564	2205365.557	2195501.195	2219106.13	2224245.971	2210068.998	2211453.277	2192389.743	2226054.362	2214773.155	2215377.636	2209842.074	2231780.653	2201637.309	2217879.511	2222846.609	2214715.791	2180774.548	2188572.832	2218408.547	2200723.657	2202672.815	2212718.985	2195190.336	2190901.129	2183402.629	2189098.42	2207236.356	2209239.55	2205855.068	2222950.872	2196625.384	2173490.449	2196304.697	2196967.283	2193341.714	2210490.718	2209588.838	2219244.536	2211452.608	2199234.326	2227703.802	2210390.005	2206422.096	2215055.331	2197911.833	2210405.632	2214508.753	2224511.182	2226068.787	2203610.871
Magnoliopsida_ott99252	373419	1961806.969	1930204.897	1934621.037	1948141.378	1953005.775	1962470.285	1970823.924	1974769.017	1982715.826	1988426.419	1955059.49	1932123.956	1951320.164	1978477.382	1960322.076	1960180.329	1980667.701	1954042.905	1976890.098	1966658.848	1966709.44	1966282.444	1966997.371	1980117.469	1969199.8	1969910.038	1952404.917	1975953.233	1979053.048	1951516.737	1960661.108	1969537.245	1947258.338	1974683.852	1940236.939	1946212.341	1973015.53	1972956.284	1951712.211	1960537.623	1959469.824	1961542.164	1946528.545	1962325.919	1974821.281	1938460.868	1954017.369	1952691	1963898.158	1962870.731	1947215.295	1963227.628	1939276.474	1983104.718	1974208.865	1988426.419	1974351.561	1982782.151	1974790.309	1961011.515	1947852.487	1957569.872	1946913.356	1969095.701	1971396.625	1969012.383	1959863.142	1949318.907	1975485.069	1970685.451	1968162.313	1962103.142	1982592.65	1959329.799	1970416.649	1973316.887	1965566.968	1932913.339	1948164.744	1970823.924	1956480.956	1957721.017	1962614.651	1954520.695	1952672.136	1936328.735	1948018.704	1960167.848	1965190.425	1959311.793	1974950.562	1953946.254	1930204.897	1945491.007	1952040.504	1945897.62	1967963.086	1964437.41	1973046.999	1961050.733	1951932.625	1976641.618	1964872.141	1953320.55	1969567.844	1959232.299	1960126.375	1964455.603	1978548.504	1980387.714	1955059.49
Polypodiopsida_ott166292	13251	139799.2755	135421.0024	136228.0631	138192.2876	138504.9694	139773.2483	141001.2316	141697.2943	143781.8713	144564.4629	140322.0764	139729.5461	138896.7776	140462.4092	141111.3412	141401.6062	139367.9098	136087.6689	140481.4286	141948.5987	138523.9352	137887.082	140216.7473	141063.0466	136104.2517	140473.7251	141249.8918	140622.6868	139122.1396	139246.092	144564.4629	141546.8494	140220.8398	140807.067	137600.3494	139233.0937	143052.435	138298.6291	139276.6152	137159.1895	140178.6341	141001.2316	139940.4561	137808.8366	140272.6304	141166.1737	137337.3632	139083.2908	138643.4595	139447.4154	136351.8744	136739.0971	138022.6849	138447.8805	141975.429	140015.3027	136453.219	138561.3129	140428.2946	140437.9648	137231.1365	139671.9678	139664.3177	140163.3942	143640.2184	136538.7281	141509.7623	139145.0444	140101.7883	141721.9159	139034.8565	138903.2722	138263.6093	139203.9212	140396.8493	141598.8078	143858.146	135421.0024	138401.7208	139251.6073	140916.5527	141739.0855	139744.1948	138215.5413	138919.7596	143471.4081	139423.9421	138810.1974	143085.7288	138070.206	142516.7845	138335.8525	138562.903	142567.9517	142292.1213	139994.704	138693.8814	140115.5659	139848.6994	136682.3488	143257.9009	138486.0036	139655.0047	140236.8024	138315.9065	138251.1774	143949.9863	142862.2069	139802.3019	140466.9223	140322.0764
Bryophyta_ott246594	16995	232751.5081	225058.9547	226208.5475	229031.3666	229781.4441	232278.1643	234679.8308	236754.0495	242650.4306	246549.7885	229672.1539	236728.5733	230420.2526	233644.4332	239698.1584	230462.313	231199.0323	232208.4634	231344.4816	235457.6373	236770.908	225786.0318	232761.2973	234211.8387	233432.5091	227731.9463	230358.17	236609.4061	231702.6479	231874.7166	228245.0126	238084.7608	242349.0751	228700.3654	233158.0668	225058.9547	231936.4816	236686.6154	246549.7885	233803.9285	231725.016	231186.1726	233805.2305	229243.8743	232466.3535	239475.5973	230776.0986	229825.5615	227957.6001	234107.1888	235969.3109	226631.0632	235297.4232	229083.0602	244535.1917	229362.609	230911.6972	236970.04	230329.017	238158.187	227320.1171	241234.9263	235279.5466	227430.9564	233226.3028	234433.8866	233075.4227	230104.5755	230222.9342	233040.3554	237433.1981	237077.7187	234679.8308	233477.4963	229068.3405	229410.9724	240410.3754	231576.2795	231653.8986	227510.3564	235354.9787	242812.699	230471.4771	233271.0467	230987.2063	231672.754	226744.7397	227632.5554	233402.1911	228402.4388	232420.6897	227034.6685	225761.2835	228837.2536	233921.5127	233338.9588	232347.8651	234643.0449	229388.1596	232551.3707	230870.6603	231960.4575	239445.8636	237166.7412	233917.1771	238557.1172	229413.8993	232978.3901	229737.3268	231053.8327	229672.1539
Marchantiophyta_ott56601	9587	228890.6785	216171.3221	219049.1347	223099.4292	225101.845	228668.9109	232602.3623	233989.1744	240727.6124	244369.3047	234007.5723	223524.0042	230675.6196	226505.3606	220019.5821	233915.5826	230265.9334	230907.0888	218663.6514	226702.288	228138.8045	236351.6583	229941.9494	232405.1082	238016.6429	233050.426	240804.0644	237006.4117	220818.8255	223367.9297	240585.6301	234022.7609	228435.3322	231324.0487	232564.3547	227617.1407	227979.9086	225289.8381	223411.8978	234615.3728	228103.0536	231409.0365	219147.254	233715.3518	226272.8391	221012.5866	225779.209	237013.5865	232911.2923	227722.0161	228105.3189	232258.6295	239196.2562	218951.0153	229835.3465	230130.9631	231750.5996	225224.17	244369.3047	220641.4272	225830.8817	234239.4585	238061.627	220989.1687	223903.901	219876.2385	232602.3623	224599.105	235075.3033	230274.0279	223171.7346	230275.0016	224267.8611	222530.5119	233362.198	240955.6174	230545.8271	227711.5298	225315.9079	221840.4533	220192.6421	232814.41	227966.5911	227518.9256	226359.5279	216171.3221	228087.1257	229802.812	226791.2531	227888.6282	225414.6628	222719.8258	228169.1603	223668.296	231495.1847	224979.5199	231280.6951	234604.1158	230276.4887	231676.5548	228902.4896	231215.7129	232886.4946	221280.1158	222351.0797	231052.8069	223596.0279	229501.1368	232978.101	232396.4851	234007.5723
Chlorophyta_ott979501	6869	617308.4943	529160.2183	550175.6992	582208.1183	596399.7103	619578.474	638923.382	647592.4021	676460.7118	693753.2743	602385.7736	641565.122	583321.345	613524.6462	611789.0857	587465.4272	595591.1223	577565.3379	657130.2132	617644.0732	670266.9525	649840.2886	610547.694	632344.7302	619592.4214	640297.6103	629530.9167	606058.1506	592069.9844	616569.4785	608080.472	621053.5677	617449.8401	627448.1611	627115.1639	586376.5073	606203.0251	609159.0252	620982.5688	693753.2743	597208.2984	616345.6404	661313.0007	673711.2233	638084.9541	639991.4856	577142.3512	644402.3216	660869.8127	622328.8672	552601.0378	641877.8445	638923.382	620715.7939	601635.7882	664478.6192	650146.3312	614445.2853	665141.4328	647958.2875	624676.5164	579205.9665	567241.5228	609157.4216	631147.1919	675029.5783	616823.2112	594426.6199	580541.1659	589687.493	623827.8368	624722.1546	619564.5267	580008.3114	623785.9247	624152.4225	566614.6011	634695.909	582525.6331	626873.0295	577522.6317	604149.5079	646128.8604	677231.3221	645851.1731	529160.2183	602804.2207	631861.4116	629901.4065	639635.803	637454.3623	691740.2274	575530.2884	628068.6479	612316.2443	562719.4602	655846.1291	585602.0995	547750.3606	670883.5065	638094.9283	602629.6887	598260.8566	571303.6774	542554.1568	616917.8157	622166.4912	570799.6487	642358.9353	611777.292	602385.7736
Rhodophyta_ott878953	9274	588437.6544	502269.8146	532303.0717	574081.649	574861.3899	576165.5176	578070.1519	645923.8737	656984.7688	703128.4503	603992.8441	532369.3288	575136.0251	647349.618	577241.3517	645672.5648	534921.5172	576898.1734	575194.3528	572633.1483	646197.8649	574913.3149	576227.4081	645983.9961	574974.8753	649381.6043	575663.2535	574575.5465	577540.3235	576540.1793	577077.8851	573963.5813	597251.4436	645553.0908	575353.3276	574633.8559	574591.4983	576109.3249	544878.0833	576872.8307	574836.1885	574425.0024	576748.4776	576821.4938	575262.3823	574104.138	568686.4114	575899.4967	578070.1519	643946.5672	603084.8444	574969.8864	574485.0116	648065.8601	661078.7805	567662.7548	575278.6438	576510.8664	573033.835	576221.7103	575827.0214	574496.0837	576770.2504	577116.9034	542501.192	577309.2944	576539.6047	576854.1436	577149.0322	575797.3795	576222.1627	575333.6385	646982.5075	648058.6021	540983.9121	574174.218	575446.0468	648419.7401	703128.4503	575730.7549	567846.5241	575775.115	575661.0083	647935.7468	647433.9186	542899.4021	573919.2939	648341.3994	576671.3271	575575.0435	673099.0146	574886.5913	574125.0137	576278.4397	575057.9708	578248.8404	532236.8146	577397.4785	646827.3923	577197.3638	646629.7612	575941.5573	512842.4073	502269.8146	575872.5174	645683.3839	575944.7598	577678.3869	648633.5071	575574.7999	603992.8441
Fungi_ott352914	247145	6285146.148	5816794.433	5976750.782	6133229.666	6178004.079	6272766.825	6401605.842	6426737.754	6566892.422	6735056.001	6490196.219	6393179.817	6436942.584	6480155.265	6594992.436	6518750.156	5937823.793	6435255.13	6135972.94	6249418.962	6402233.384	6285078.895	6220166.826	6169860.051	6151202.076	6067637.353	6421784.669	6493402.582	6134225.951	6265659.933	6286669.501	6188398.733	6327226.93	6426894.257	5929748.532	6322832.119	6256184.291	6170008.331	6047794.469	6187551.789	6204768.584	6180853.005	6231114.766	6245196.744	6455628.229	6414883.279	6127999.173	6224785.734	6225263.636	6401605.842	6328656.583	6183965.386	6310929.471	6280898.613	6108695.364	6232159.671	6279673.233	6735056.001	6098838.798	6211151.377	6378142.826	6338877.935	6408568.276	6410384.105	6376182.507	6575141.549	6120755.309	6051561.103	6266853.895	6193008.196	6174567.711	6451126.248	6094360.099	6473022.035	6399966.015	6377520.158	6297772.014	6338144.342	6136401.451	6049909.654	6173085.857	6614426.142	6391902.268	6278679.755	6382477.517	6227933.203	6015730.371	6376936.716	6366992.373	6429907.565	6123626.989	6487867.902	6465642.002	6278895.139	5816794.433	6251497.388	6409425.225	6015677.771	6290600.933	6211125.525	6426111.744	6024237.83	6177998.938	6477834.676	6551572.615	6240055.825	6245702.178	6190372.386	6366807.341	6178009.219	6490196.219
Ascomycota_ott439373	163297	3844746.18	3418468.407	3528998.589	3699311.293	3739540.76	3830316.531	3941084.957	3993465.574	4112946.087	4248851.056	4037654.924	3940280.713	4028420.651	4038233.724	4092586.383	4059388.436	3479213.718	3954793.476	3727440.974	3781917.553	3979513.589	3791241.39	3769034.187	3722856.837	3740383.268	3641212.748	4066861.12	4064357.224	3714735.056	3826286.283	3804177.981	3760802.332	3842802.637	3947562.425	3498135.998	3853100.951	3849172.15	3738698.253	3620297.789	3773086.995	3788324.724	3638708.644	3750162.908	3750953.234	3909221.389	3994432.254	3729987.339	3811020.491	3793117.44	3865368.873	3850152.249	3790353.704	3888082.83	3815593.849	3675907.899	3829766.364	3848946.174	4248851.056	3648069.33	3736989.593	3977923.844	3922928.38	3941084.957	3972374.029	3923348.766	4123948.717	3778316.553	3654902.092	3830866.698	3730028.084	3657134.114	4041990.267	3680135.563	3989598.856	3875238.363	4046092.212	3837637.877	3908289.418	3746243.537	3653902.236	3764934.578	4214309.169	4010308.85	3864350.799	3895435.171	3758039.714	3621749.562	3893153.586	3927164.072	3899479.287	3731314.033	4092512.631	4068284.84	3863353.689	3418468.407	3886984.841	4004431.072	3559861.179	3875853.641	3818619.275	3943950.069	3578309.543	3701568.519	4033449.551	4083207.17	3800272.151	3807151.236	3768341.068	3909146.063	3687460.858	4037654.924
Basidiomycota_ott634628	78414	1715182.964	1620620.252	1646207.254	1677738.9	1686014.621	1713910.238	1742036.753	1751610.635	1805100.542	1819646.871	1733460.26	1736126.748	1688023.253	1712517.133	1774176.095	1722835.209	1735524.154	1752067.135	1696337.052	1732745.748	1690185.539	1765077.237	1729229.012	1719519.392	1694762.13	1702781.272	1648597.888	1705873.425	1682286.714	1718636.548	1745803.884	1716495.746	1768236.216	1742655.842	1695681.188	1749784.634	1685164.004	1722247.865	1707414.598	1695534.063	1680177.195	1806171.173	1752340.61	1762659.583	1819646.871	1701297.99	1667421.295	1694421.433	1693651.864	1799194.136	1742036.753	1669572.506	1697928.945	1738317.232	1710374.588	1680844.464	1708415.252	1765571.94	1721950.704	1736499.463	1683666.08	1695355.131	1730608.893	1703334.279	1726859.491	1721422.596	1620620.252	1677956.805	1721961.041	1737244.023	1793349.139	1671951.005	1689609.91	1747021.496	1803666.411	1620757.025	1729066.316	1701405.412	1658068.612	1674300.135	1673039.24	1689415.251	1665142.112	1693854.584	1768089.702	1733505.713	1679334.433	1765901.692	1711392.429	1805872.766	1668400.537	1666570.893	1667985.226	1686900.479	1661589.321	1643816.619	1681216.726	1743060.797	1678483.872	1676594.897	1764446.74	1729960.815	1742091.631	1722581.494	1747647.686	1717451.216	1715303.343	1686865.238	1725488.436	1761517.155	1733460.26
Microsporidia_ott16113	1466	240559.0383	227233.1185	232540.9741	233294.5311	233294.5311	242203.7965	248448.0626	248448.0626	248448.0626	248448.0626	242287.5414	231787.4171	233294.5311	241064.0116	241346.5206	248448.0626	233294.5311	242566.059	227451.8231	248448.0626	248448.0626	241922.1056	233294.5311	241968.4917	227233.1185	248448.0626	233294.5311	247578.9563	248448.0626	233294.5311	248448.0626	233294.5311	233294.5311	248448.0626	248448.0626	233294.5311	233294.5311	233294.5311	233294.5311	242053.5368	248448.0626	248448.0626	242214.6987	248448.0626	242109.3641	233294.5311	242772.4487	242415.1078	248448.0626	248448.0626	248448.0626	242192.8944	248448.0626	242176.0383	248448.0626	233294.5311	233294.5311	233294.5311	242517.6834	248448.0626	233294.5311	248448.0626	248448.0626	248448.0626	242289.9948	242326.0427	233294.5311	233294.5311	233294.5311	242443.1774	233294.5311	248448.0626	248448.0626	248448.0626	233294.5311	233294.5311	248448.0626	242150.1719	247628.6586	233294.5311	248448.0626	233294.5311	233294.5311	233294.5311	233294.5311	248448.0626	233569.9779	233294.5311	242897.5326	248448.0626	233294.5311	242442.9928	242163.5041	242570.9926	248448.0626	233294.5311	233294.5311	242395.104	248448.0626	233294.5311	233294.5311	233294.5311	248448.0626	233294.5311	233294.5311	242518.286	233294.5311	248448.0626	248448.0626	242341.0884	242831.8742
SAR_ott5246039	51094	3371080.935	3171358.827	3207369.354	3299423.522	3329267.206	3378735.38	3421444.534	3449860.675	3500797.095	3532078.881	3374674.936	3338264.015	3294025.333	3363908.678	3379393.247	3372831.725	3450026.39	3404603.4	3409646.733	3364153.126	3353052.659	3394011.325	3470700.187	3453172.189	3401558.438	3454369.139	3311867.241	3379498.93	3323672.571	3372877.431	3400106.829	3328013.689	3400948.987	3428825.76	3436345.626	3321796.147	3448436.012	3489667.059	3440736.02	3449197.813	3352192.941	3467410.893	3181107.053	3492441.886	3421160.704	3483539.388	3229038.748	3363234.447	3366159.099	3330520.723	3447256.991	3398163.91	3496828.907	3208660.078	3206078.629	3332699.841	3336215.286	3424635.227	3505429.069	3443711.867	3396170.087	3171358.827	3400985.122	3379098.88	3241589.498	3470913.376	3299892.41	3386610.28	3396078.282	3234005.105	3379326.741	3342084.573	3334310.833	3356415.533	3471746.846	3532078.881	3407771.341	3318469.674	3292716.961	3294550.757	3395085.441	3372905.211	3346245.652	3355608.108	3406889.937	3350079.756	3350656.078	3364781.88	3392762.195	3317662.505	3402865.496	3320794.904	3363207.411	3254290.494	3218953.746	3415286.317	3405932.691	3211190.931	3359590.083	3347939.57	3421444.534	3455259.641	3263641.697	3226126.826	3296961.864	3416130.416	3502933.812	3479977.981	3378371.88	3307881.162	3374674.936
Stramenopiles_ott266745	20087	616154.8123	579088.2978	589509.3351	602211.4325	606039.5586	616475.4482	625139.4743	630103.9776	654876.4051	662741.8127	607147.1874	597147.6705	602412.5771	627911.9475	588434.8771	620571.0984	613020.1551	626428.6582	622625.5124	598268.6869	621890.3945	606629.9441	604572.7923	627567.039	634363.0954	623389.4467	629824.7746	622827.4835	622677.6771	607017.0973	642801.2565	635257.6262	612153.5584	602163.1812	619816.93	643932.5076	605933.2291	662741.8127	605996.7173	618548.2307	606082.3999	629179.7362	606667.2132	662113.1305	621571.9177	656041.7338	600255.3717	630173.7783	603969.7431	618388.8079	602072.2455	626272.2659	620078.2053	601306.8536	634129.8952	616827.3554	605143.4077	607135.7772	602374.3356	605806.0392	635974.9748	589235.6425	619386.7902	609552.0471	591580.8154	630844.991	622556.1192	579088.2978	609913.5943	633951.9037	644797.1772	636060.4991	607095.7789	599697.258	602220.6232	616804.2035	631069.2482	619463.3003	629539.4017	618457.6212	626166.8021	599867.7069	626827.4493	610780.0365	608172.9528	652712.2233	595591.9974	612395.1063	606494.0128	607850.8886	608462.2017	616146.6928	600781.8684	619453.2575	609652.5418	595470.375	625139.4743	617955.1343	618269.2842	611471.1914	621139.188	615968.5446	613132.3514	621639.7929	610517.4155	607405.7841	621021.1172	603709.857	613556.9131	589783.0278	607147.1874
Alveolata_ott266751	14857	1457965.955	1398277.941	1411384.618	1429317.815	1440085.934	1463912.355	1474351.457	1482267.954	1503094.601	1513120.441	1431726.477	1468494.19	1452687.733	1470925.359	1495589.03	1443950.4	1440353.421	1425228.524	1501106.191	1414038.752	1481723.746	1487225.519	1470253.011	1504165.284	1446769.974	1471390.913	1418831.261	1471495.66	1472672.989	1460249.39	1446968.611	1469876.303	1465783.973	1479756.14	1513120.441	1487014.378	1447153.916	1465239.165	1495229.034	1486290.433	1466467.973	1480915.938	1417696.19	1469328.37	1445943.307	1470315.404	1483689.278	1459773.354	1435290.458	1494328.263	1448566.784	1447466.545	1508163.734	1477493.722	1467843.547	1426324.462	1422473.812	1437772.083	1451048.942	1488099.068	1472495.066	1452672.156	1458052.621	1416225.604	1425898.438	1455516.649	1474351.457	1482359.112	1481629.236	1468491.941	1467562.629	1445833.492	1445952.101	1416381.164	1465140.53	1470362.234	1429887.978	1446500.035	1425129.248	1463123.002	1473351.641	1464701.708	1439818.447	1410473.91	1496987.396	1446857.522	1398277.941	1454241.446	1430400.086	1452230.966	1470290.809	1471022.269	1476028.633	1412295.326	1406457.964	1431855.424	1417333.858	1459116.04	1471222.66	1484543.264	1481903.322	1469973.437	1457773.235	1430397.814	1432808.912	1496265.709	1491025.746	1469513.238	1423856.672	1453933.435	1431726.477
Rhizaria_ott6929	16150	1295872.235	1103055.26	1129660.454	1222863.44	1252021.01	1305910.658	1351896.29	1360499.015	1404875.741	1450955.864	1334751.344	1271572.227	1237875.095	1264021.444	1294319.412	1307260.299	1395602.887	1351896.29	1284865.102	1350795.76	1248388.59	1299105.934	1394824.456	1320389.939	1319375.441	1358538.851	1262161.278	1284125.86	1227271.977	1304561.016	1309287.035	1221829.832	1321961.529	1345856.511	1302358.327	1189799.334	1394298.939	1360636.154	1338460.341	1343309.222	1278592.641	1356265.292	1155693.721	1359950.458	1352595.551	1356132.322	1144044.17	1272237.387	1325848.971	1216753.725	1395568.033	1323375.171	1367537.04	1128809.575	1103055.26	1288498.095	1307548.139	1378677.439	1450955.864	1348756.832	1286650.118	1128401.1	1322495.782	1352271.301	1223060.317	1383501.809	1201934.906	1324112.943	1303485.524	1130511.332	1265917.007	1259140.654	1280213.025	1339287.184	1403335.765	1443862.515	1345764.187	1251456.411	1236998.383	1211920.206	1294517.071	1307285.868	1278549.828	1333304.234	1300679.66	1249460.083	1354343.808	1297095.4	1354818.169	1256530.722	1323062.558	1232576.014	1285346.982	1221491.983	1201793.312	1386910.59	1362409.431	1133069.829	1269048.212	1250875.187	1317352.096	1368267.732	1191686.183	1171658.561	1252585.609	1310343.575	1389837.021	1405704.958	1339908.367	1263114.771	1334751.344
Archaea_ott996421	1507	736671.6123	699908.5727	714564.249	729467.6845	731674.4169	737276.7056	743576.3083	745682.536	756165.8196	764144.9262	719319.4495	737730.2097	731150.4124	735388.0844	728765.029	746210.2348	755496.6038	737146.7073	744089.1096	733096.153	734062.4522	733941.4921	736543.208	749976.2525	747502.6659	738598.6724	738542.7534	737602.7265	743759.2622	736213.0744	741555.1509	726058.4612	742488.1705	738910.6414	736631.509	729586.7037	733447.0637	740760.5503	712244.0375	703745.0889	743576.3083	743576.4835	741911.1824	737306.0642	739880.6106	730355.2127	746254.7554	745542.5237	744764.9545	745717.5391	699908.5727	746427.2655	726966.4136	734119.3359	727693.5234	741511.0799	733350.4934	738982.6197	734411.4836	764144.9262	756201.1388	738582.7664	733895.6239	726813.3968	747910.4722	738216.5224	736513.5386	743688.9819	733831.4507	757231.9461	737825.0692	730439.8569	732675.0338	750014.4319	741192.0226	744273.3007	729229.2556	735261.0974	735725.0204	737360.1113	738706.99	716884.4605	729513.0995	738438.3234	742664.2328	732185.0872	718633.1188	722690.4234	731163.7466	724975.1801	729189.5401	747562.4478	733432.0724	730979.4549	754204.8859	733428.7848	734712.7877	724998.849	737247.347	730419.8109	736388.6436	737378.546	748565.7673	756100.2268	740335.0273	739146.7628	742821.1737	733891.7909	744144.914	729865.5789	719319.4495
Bacteria_ott844192	77634	18307153.1	16079613.64	16315878.9	17037453.44	17341401.9	17896788.23	19200655.53	20093076.4	20991667.78	21038569.52	18345144.19	18458992.76	17983708.41	17893734.02	20820181.36	17475429.9	17727040.81	20503744.12	17441222.69	18124711.07	20452829.14	18088708.84	17070210.89	19441666.23	18223435.11	18940612.62	16593667.08	19081002.57	16816128.8	16368230.84	17131958.9	20982592.27	17648170	17705340.98	16802537.67	17372985.56	17396050.07	17497291.95	17330211.02	17865589.32	17479330.21	19095728.97	17954007.81	20451636.95	17302174.38	17558948.16	17810728.42	17017081.5	16090588.06	17455270.59	17795117.03	16263526.96	18819608.91	16079613.64	16573457.86	20221346.71	17300164.48	19200655.53	17190904.94	17695556.51	18906440.35	18768872.98	20937215.18	18391776.38	18488907.5	19792758.71	20618447.56	20956400.02	18020359.97	18021444.39	17649118.78	18841517.16	17484357.45	20006005.58	17840312.76	16477857.04	20102731.41	16525334.37	17023245.13	20493821.67	17561227.08	20996554.59	16424570.92	18530401.49	18177060.99	21013746.21	16608839.09	18520193.01	18215625.52	19205643.12	17040159.79	17899842.43	17451718.49	17352592.78	20148569.28	21038569.52	17669286.4	19154676.93	19229778.77	20406742.75	18979731.61	18945634.95	16551951.07	17835317.2	20054456.35	17044444.62	17109520.26	16876307.31	20896537.94	19452116.83	18345144.19